0 0 
913 2238 
2664 1700 
1999 1748 
1225 1969 
3594 2576 
2578 2360 
1783 3052 
1141 270 
3271 2657 
56 1506 
1231 2658 
2195 507 
3562 543 
2608 1916 
2009 792 
110 1535 
1917 918 
1680 1228 
1117 203 
782 233 
3610 127 
2445 3229 
458 4075 
2094 370 
363 4149 
479 2708 
1473 2056 
1982 3364 
2998 2719 
2319 3700 
1139 4104 
2708 2190 
259 3906 
1186 1100 
189 441 
2487 1383 
2374 1297 
2167 4178 
664 3763 
2461 1760 
2757 2699 
2294 108 
1464 470 
75 3682 
1650 1748 
2274 942 
2268 399 
3584 1661 
1668 3151 
2818 908 
2729 2300 
2291 2783 
3137 3199 
3086 2729 
369 436 
1124 2081 
1742 2062 
1651 3793 
3649 1408 
668 1739 
3030 1592 
1074 303 
1169 587 
3279 70 
2811 1684 
2718 2842 
1211 3150 
2369 2606 
861 1787 
2266 3990 
1096 812 
534 2878 
2675 3253 
2684 42 
1587 1705 
1449 4075 
1007 4180 
3247 33 
249 4117 
993 473 
1858 60 
282 4037 
3323 2707 
3352 2176 
3591 1590 
3103 1890 
3262 1036 
1886 4127 
1154 2341 
3020 2924 
2007 2653 
1679 3591 
143 187 
2350 157 
1264 3949 
2923 3886 
2135 407 
1086 4051 
116 2807 
1853 4114 
2019 2787 
35 3217 
992 547 
2349 3044 
961 772 
2535 823 
2421 3416 
776 2474 
585 1093 
3219 935 
2228 841 
3673 1733 
2583 433 
827 3946 
2799 1277 
1203 2872 
1442 2537 
3412 3028 
2831 3312 
815 3750 
2396 2335 
1528 1377 
3129 2092 
2193 4026 
946 3933 
1902 520 
2827 4169 
2015 1064 
3011 841 
918 2041 
1382 1776 
513 551 
1374 524 
3585 247 
2787 3923 
1994 901 
662 2524 
1026 2368 
1243 2605 
1930 1115 
3284 4019 
3149 3404 
3426 765 
2374 238 
2999 1002 
3526 3015 
433 1804 
2769 843 
1065 284 
